1 0 170.01 0 307.61 155.993 1
2 0 171.767 0.224861 307.532 158.671 1
3 0 172.049 0.282949 307.222 161.278 1
4 0 169.879 0.254128 305.606 162.88 1
4 2 171.416 92.6948 299.778 314.64 2
5 0 164.91 0.276683 302.9 163.747 1
5 2 175.845 93.9218 303.511 317.632 2
6 0 159.52 0.652325 298.956 163.891 1
6 2 178.347 93.1579 305.506 316.942 2
7 0 155.701 0.702806 296.449 164.16 1
7 2 175.993 92.2612 307.043 315.4 2
8 0 154.242 0.548468 295.79 163.542 1
8 2 170.668 91.3067 304.766 313.497 2
9 0 154.889 0.489062 297.295 163.053 1
9 2 165.216 91.6221 298.796 310.869 2
10 0 157.603 0.520188 299.174 163.451 1
10 2 162.818 93.3064 292.981 309.648 2
11 0 161.436 0.516549 300.463 164.734 1
11 2 161.371 95.3107 290.23 311.059 2
12 0 165.4 0.814294 301.349 167.147 1
12 2 165.142 97.6738 290.07 311.986 2
13 0 166.791 0.904396 301.351 168.739 1
13 2 169.112 99.7581 292.172 313.997 2
14 0 165.433 0.887024 301.123 168.721 1
14 2 172.192 99.6503 295.563 315.253 2
15 0 163.027 0.796657 299.855 166.634 1
15 2 172.76 96.9446 299.379 314.186 2
16 0 159.203 0.415484 298.454 163.009 1
16 2 171.532 93.6814 300.676 311.815 2
17 0 156.279 0.148904 297.547 160.951 1
17 2 168.311 89.7724 299.77 308.853 2
18 0 154.494 -0.0351999 296.641 159.456 1
18 2 163.794 86.56 294.533 292.504 2
19 0 153.991 0.0297133 296.307 159.311 1
19 2 160.276 86.5132 287.963 295.421 2
20 0 154.17 0.13365 296.696 160.267 1
20 2 156.463 89.3685 283.489 298.941 2
21 0 157.248 0.491729 297.578 163.498 1
22 0 160.812 0.922836 298.441 165.526 1
22 2 160.266 97.3067 283.513 307.438 2
23 0 162.955 1.17017 299.013 167.701 1
23 2 167.127 99.6838 287.76 310.405 2
24 0 163.099 1.48851 298.024 168.275 1
24 2 170.862 100.945 292.657 312.41 2
25 0 161.488 1.78447 296.678 167.432 1
25 2 173.275 99.8807 295.664 311.591 2
26 0 158.47 1.90116 295.906 167.849 1
26 2 173.135 98.324 298.646 309.931 2
27 0 157.289 2.18495 296.285 167.803 1
27 2 172.887 98.9392 297.677 306.63 2
28 0 158.979 2.4981 296.932 168.537 1
28 2 171.877 101.247 294.215 308.322 2
29 0 162.48 2.6832 298.683 170.068 1
29 2 171.076 103.375 291.151 309.75 2
30 0 167.1 2.79159 301.07 172.071 1
30 2 174.879 105.508 290.672 309.734 2
31 0 170.297 4.30052 301.846 173.036 1
31 2 176.714 106.294 293.737 310.485 2
32 0 170.566 4.93993 301.491 171.96 1
32 2 180.684 105.204 297.791 310.496 2
33 0 167.925 4.84878 299.674 168.631 1
33 2 183.193 102.576 301.658 308.4 2
34 0 165.043 3.67168 297.348 165.492 1
34 2 181.645 98.6406 303.288 303.927 2
35 0 163.145 3.30265 297.357 164.435 1
35 2 178.682 97.4194 299.516 290.565 2
36 0 162.666 3.52958 297.289 165.939 1
36 2 173.9 98.332 292.629 296.597 2
37 0 163.818 4.71642 298.36 168.881 1
37 2 169.029 101.325 286.331 301.568 2
38 0 165.676 6.36618 299.811 171.326 1
38 2 168.66 104.648 284.031 304.191 2
39 0 167.807 7.68274 300.635 172.754 1
39 2 171.73 106.215 286.347 307.623 2
40 0 167.787 8.82413 300.017 172.308 1
40 2 177.888 106.57 292.743 309.373 2
41 0 165.98 9.13549 298.135 169.98 1
41 2 181.518 104.507 299.434 308.396 2
42 0 163.058 8.76781 295.142 167.602 1
42 2 180.394 101.152 301.961 305.273 2
43 0 160.291 8.05234 294.016 167.719 1
43 2 180.94 99.815 297.987 284.138 2
44 0 158.664 7.93634 293.414 168.714 1
44 2 176.975 100.986 290.178 284.662 2
45 0 159.281 9.07115 292.967 171.464 1
45 2 169.862 104.346 282.394 297.375 2
46 0 160.826 11.1249 292.608 174.512 1
46 2 163.718 107.464 277.829 306.747 2
47 0 162.102 14.5031 293.278 176.636 1
47 2 166.327 111.157 277.462 310.924 2
48 0 162.88 15.9466 294.071 177.386 1
48 2 168.835 112.04 284.249 313.497 2
49 0 162.322 15.968 293.78 176.503 1
49 2 171.704 111.374 290.259 313.319 2
50 0 160.104 15.3262 291.32 175.267 1
50 2 172.132 109.092 292.838 311.619 2
51 0 157.716 13.5858 290.829 174.221 1
51 2 173.575 107.039 291.222 308.599 2
52 0 157.203 12.2404 291.478 174.09 1
52 2 170.372 106.411 286.172 307.612 2
53 0 159.035 11.9766 291.584 174.786 1
53 2 167.109 107.074 282.101 309.581 2
54 0 162.839 11.7139 294.015 174.878 1
54 2 178.053 108.441 283.614 309.852 2
55 0 167.551 10.5192 296.942 174.385 1
55 2 177.88 108.464 289.768 310.691 2
56 0 169.865 9.72107 298.39 172.955 1
56 2 182.757 107.033 298.101 310.018 2
57 0 168.853 6.71773 297.888 168.775 1
57 2 186.776 102.224 300.775 305.821 2
58 0 166.079 3.97622 296.875 164.857 1
58 2 187.165 97.1263 305.405 300.739 2
59 0 163.595 2.82908 295.784 162.812 1
59 2 183.271 94.9207 304.37 298.562 2
60 0 162.851 3.16639 295.764 163.868 1
60 2 177.441 95.9577 297.547 294.409 2
61 0 163.692 4.17031 296.272 167.228 1
62 0 166.022 6.9107 297.619 171.234 1
62 2 177.59 104.103 291.484 306.62 2
63 0 167.811 8.89452 298.217 173.953 1
63 2 179.15 108.096 294.677 311.423 2
64 0 167.669 11.4424 298.061 174.96 1
64 2 183.126 109.307 299.447 312.891 2
65 0 165.651 12.5541 296.934 174.509 1
65 2 185.459 108.411 302.491 312.333 2
66 0 163.414 12.2512 296.479 173.966 1
66 2 181.491 106.551 302.408 311.069 2
67 0 161.356 12.0211 294.846 174.025 1
67 2 177.487 106.163 295.701 307.451 2
68 0 160.565 12.4576 295.142 174.864 1
68 2 168.858 107.439 287.021 310.268 2
69 0 161.247 13.3962 295.427 176.375 1
69 2 164.781 109.54 280.669 312.752 2
70 0 162.028 14.5297 294.692 177.816 1
70 2 166.659 111.988 280.562 314.743 2
71 0 161.473 14.846 293.898 177.233 1
71 2 169.782 112.328 285.539 315.419 2
72 0 159.202 14.5405 292.421 176.032 1
72 2 171.579 110.217 290.165 314.752 2
73 0 156.599 12.6377 289.914 174.916 1
73 2 169.733 107.748 291.801 312.561 2
74 0 152.607 12.2767 289.868 174.334 1
74 2 166.855 106.225 288.957 309.855 2
75 0 151.082 12.2118 289.915 174.766 1
75 2 162.06 106.547 281.415 303.129 2
76 0 153.543 12.4894 289.833 175.807 1
76 2 158.359 109.058 274.03 310.09 2
77 0 156.369 14.2538 291.108 177.878 1
77 2 158.009 111.787 272.077 314.776 2
78 0 158.071 15.5019 292.26 179.228 1
78 2 163.673 114.216 276.479 317.369 2
79 0 158.085 14.5265 292.891 178.811 1
79 2 170.583 114.855 285.617 318.714 2
80 0 155.828 14.7142 291.228 177.763 1
80 2 174.537 113.403 293.191 317.432 2
81 0 151.553 13.1535 290.44 176.635 1
81 2 172.606 110.152 293.858 315.214 2
82 0 148.397 13.4734 290.724 175.802 1
82 2 168.692 109.655 287.773 301.214 2
83 0 147.14 13.8532 291.018 176.746 1
83 2 160.997 111.328 278.355 309.996 2
84 0 148.74 12.7848 291.538 177.729 1
84 2 159.771 112.852 273.058 313.419 2
85 0 152.976 12.012 291.94 178.346 1
85 2 164.778 114.169 275.329 315.074 2
86 0 156.299 13.9633 292.312 177.744 1
86 2 171.885 114.947 284.325 315.29 2
87 0 157.344 14.0536 291.778 176.228 1
87 2 180.196 113.697 290.968 311.578 2
88 0 155.553 14.245 290.265 174.327 1
88 2 183.607 110.585 298.998 309.867 2
89 0 151.585 12.4839 289.925 174.037 1
90 0 148.433 12.8159 289.422 174.435 1
90 2 169.029 109.624 284.566 309.887 2
91 0 147.652 14.0366 288.021 175.675 1
91 2 161.544 111.656 274.715 312.457 2
92 0 150.389 15.8042 288.486 177.921 1
92 2 161.278 114.771 270.471 314.031 2
93 0 154.173 18.754 289.67 180.308 1
93 2 166.538 119.078 274.18 315.014 2
94 0 156.71 19.7148 290.017 179.931 1
94 2 172.401 119.359 282.616 316.764 2
95 0 155.858 20.6372 290.11 178.383 1
95 2 177.609 116.902 290.808 315.838 2
96 0 153.174 20.4302 289.901 177.537 1
96 2 177.164 114.519 293.751 313.724 2
97 0 151.199 20.2953 289.56 177.7 1
97 2 175.764 114.139 290.496 312.704 2
98 0 151.281 20.7268 290.793 178.733 1
98 2 168.465 115.962 283.319 313.951 2
99 0 154.801 20.3943 290.708 181.067 1
99 2 167.984 120.11 280.052 315.885 2
100 0 158.61 21.7213 292.258 182.107 1
100 2 170.809 122.381 282.864 317.079 2
101 0 160.221 22.2444 293.387 181.315 1
101 2 177.913 121.699 289.405 317.675 2
102 0 157.732 21.8251 292.655 178.265 1
102 2 182.364 117.285 296.11 316.052 2
103 0 152.443 20.1634 290.257 175.976 1
103 2 181.541 112.853 297.171 313.043 2
104 0 148.345 18.4605 288.967 174.07 1
104 2 172.408 109.788 290.512 310.412 2
105 0 147.553 17.0841 288.375 174.686 1
105 2 166.388 110.335 281.457 308.097 2
106 0 151.164 17.5402 289.831 175.83 1
106 2 162.385 111.89 276.42 310.828 2
107 0 156.442 19.0615 292.173 176.999 1
107 2 166.952 114.672 278.609 311.121 2
108 0 160.077 18.8236 294.328 177.241 1
108 2 175.024 115.679 286.782 312.558 2
109 0 160.026 19.8065 294.959 175.579 1
109 2 181.403 114.762 295.682 312.663 2
110 0 157.237 20.0158 293.951 174.154 1
110 2 183.724 112.706 301.028 312.419 2
111 0 154.853 20.1092 294.557 174.736 1
111 2 178.065 111.614 297.497 311.508 2
112 0 155.322 20.4241 295.784 176.769 1
112 2 172.416 113.371 288.792 312.238 2
113 0 158.625 20.6151 296.676 179.787 1
113 2 171.222 117.966 283.91 315.078 2
114 0 162.238 23.0982 298.394 181.446 1
114 2 173.873 121.456 285.87 316.707 2
115 0 165.015 24.63 298.861 181.44 1
115 2 182.495 122.16 293.061 318.301 2
116 0 163.554 25.3378 297.861 178.998 1
117 0 159.436 24.4887 296.199 177.941 1
117 2 186.504 115.289 302.877 316.009 2
118 0 155.182 23.5241 294.889 177.396 1
118 2 178.101 113.506 297.73 314.02 2
119 0 153.669 23.2954 293.964 178.795 1
119 2 170.249 115.318 288.581 313.364 2
120 0 156.181 22.7152 294.347 181.091 1
120 2 168.347 119.078 281.404 315.474 2
121 0 159.298 22.9289 295.783 181.954 1
121 2 170.041 121.313 281.289 314.825 2
122 0 160.885 21.239 296.264 181.104 1
122 2 176.102 120.418 286.961 315.4 2
123 0 159.9 21.2642 295.63 177.561 1
123 2 180.157 116.795 292.999 314.541 2
124 0 155.271 19.7596 293.729 174.575 1
124 2 181.009 112.629 296.011 311.88 2
125 0 151.238 17.9191 292.499 173.459 1
126 0 150.051 17.3708 291.531 173.607 1
126 2 166.766 110.27 284.297 309.623 2
127 0 151.623 18.0403 292.287 175.602 1
127 2 163.872 112.269 278.798 312.387 2
128 0 156.196 19.4567 294.794 177.834 1
128 2 168.672 116.392 280.609 313.978 2
129 0 159.262 19.8038 296.444 178.66 1
129 2 175.605 117.215 287.032 315.577 2
130 0 159.116 20.1664 296.624 176.771 1
130 2 180.84 115.597 294.408 316.007 2
131 0 155.974 19.7789 296.45 174.734 1
131 2 181.584 112.809 299.47 314.115 2
132 0 153.341 19.3344 295.755 173.963 1
133 0 153.062 19.2708 295.736 175.23 1
133 2 181.202 112.951 290.568 290.356 2
134 0 157.093 19.7139 296.858 177.084 1
134 2 175.673 115.308 287.182 306.438 2
135 0 160.289 19.6714 297.739 178.304 1
135 2 177.311 117.778 288.96 311.428 2
136 0 160.769 19.8886 297.903 177.716 1
136 2 180.963 116.938 292.697 313.943 2
137 0 157.595 19.6687 296.587 174.84 1
137 2 182.21 114.038 297.33 313.472 2
138 0 152.428 18.081 295.121 173.293 1
139 0 150.132 16.9685 293.899 173.042 1
140 0 151.873 17.292 294.75 174.601 1
140 2 169.814 112.318 285.607 311.232 2
141 0 157.403 18.6629 296.679 176.905 1
141 2 171.768 114.825 284.865 313.019 2
142 0 161.36 19.7774 298.714 178.775 1
142 2 177.324 118.362 289.131 315.339 2
143 0 162.544 20.4184 299.691 178.817 1
143 2 183.699 117.877 296.174 315.864 2
144 0 160.77 20.8737 298.498 176.519 1
144 2 185.119 114.888 300.9 315.212 2
145 0 157.016 20.6644 297.277 174.67 1
145 2 182.408 112.258 300.838 314.071 2
146 0 155.357 20.5484 296.385 174.657 1
146 2 175.86 110.438 295.331 311.241 2
147 0 157.702 20.6912 297.737 176.621 1
147 2 172.843 113.505 289.494 311.844 2
148 0 161.374 21.1056 299.677 180.118 1
148 2 173.554 117.89 287.125 315.078 2
149 0 165.79 21.7135 301.46 180.834 1
149 2 178.976 121.231 290.987 317.039 2
150 0 167.365 21.6656 302.349 180.306 1
150 2 186.479 119.105 298.434 317.723 2
151 0 165.176 21.4274 301.749 177.358 1
151 2 191.889 114.967 306.228 314.721 2
152 0 162.102 20.9888 300.856 174.859 1
153 0 160.102 20.4569 299.378 174.744 1
153 2 181.554 111.343 299.936 312.248 2
154 0 160.749 20.2713 299.795 176.936 1
154 2 176.076 113.526 290.646 311.243 2
155 0 163.126 20.619 301.036 179.855 1
155 2 176.107 117.169 285.26 312.839 2
156 0 167.615 20.8463 303.018 180.279 1
156 2 176.793 120.096 287.37 314.135 2
157 0 169.65 20.5034 303.468 178.728 1
157 2 187.389 117.623 295.856 315.311 2
158 0 168.814 19.4452 302.719 174.596 1
159 0 164.991 18.0261 301.26 170.122 1
160 0 162.239 15.3938 300.548 167.181 1
161 0 161.809 14.0945 300.318 168.827 1
162 0 164.31 13.7929 301.208 171.114 1
162 2 178.449 109.847 286.16 306.344 2
163 0 169.38 14.6876 304.677 173.334 1
163 2 176.824 111.952 287.76 308.16 2
164 0 173.268 16.2739 307.683 174.822 1
164 2 184.208 113.503 294.361 310.133 2
165 0 174.847 16.8267 308.571 173.597 1
165 2 193.65 111.319 300.885 310.198 2
166 0 174.228 15.8751 308.546 170.739 1
167 0 172.361 12.7564 307.977 166.733 1
168 0 171.07 10.962 308.485 164.217 1
169 0 171.511 10.657 309.545 165.303 1
169 2 184.891 103.083 303.048 301.163 2
170 0 174.732 10.5964 311.354 168.46 1
170 2 183.812 105.112 300.451 304.122 2
171 0 179.209 10.9843 312.74 170.456 1
171 2 189.079 107.166 301.849 306.412 2
172 0 182.293 10.9181 313.599 171.002 1
172 2 195.8 107.301 305.238 306.032 2
173 0 181.88 10.3679 314.779 168.341 1
174 0 178.83 9.52947 314.873 165.107 1
174 2 199.093 99.9578 315.023 304.005 2
175 0 176.864 8.27047 314.743 163.018 1
176 0 177.069 7.11107 315.46 163.032 1
176 2 191.171 96.8127 312.215 299.474 2
177 0 180.487 6.90997 316.543 164.418 1
177 2 190.382 99.4362 308.447 300.911 2
178 0 185.161 8.04525 318.683 168.012 1
178 2 205.381 103.336 307.856 274.691 2
179 0 189.828 9.1858 321.289 169.972 1
179 2 210.872 105.403 311.101 282.408 2
180 0 191.462 9.5211 322.72 169.924 1
180 2 212.179 105.142 317.722 297.855 2
181 0 190.127 9.67294 322.293 167.174 1
181 2 212.279 102.147 323.59 302.76 2
182 0 188.505 9.4043 321.82 164.708 1
182 2 211.22 98.6205 321.407 303.887 2
183 0 188.056 9.02168 322.207 164.048 1
183 2 206.151 97.9413 321.647 301.169 2
184 0 190.45 9.1598 323.595 165.98 1
184 2 202.276 100.463 318.17 300.824 2
185 0 195.748 9.42787 326.493 169.362 1
185 2 203.331 104.292 316.717 304.587 2
186 0 200.542 9.63572 329.6 171.589 1
187 0 202.346 9.43626 330.682 170.48 1
188 0 200.684 8.45648 329.724 166.858 1
188 2 220.031 99.5908 335.267 302.288 2
189 0 197.78 7.48173 328.572 163.762 1
189 2 219.209 97.3188 339.133 301.907 2
190 0 198.114 6.48476 328.595 162.761 1
190 2 216.543 96.8087 336.819 300.975 2
191 0 201.689 6.74193 331.053 164.31 1
191 2 216.714 98.2844 334.493 298.909 2
192 0 207.148 7.20049 335.758 167.647 1
193 0 211.179 8.94127 339.294 170.744 1
193 2 222.561 105.886 333.122 305.875 2
194 0 212.501 12.4512 339.999 172.344 1
194 2 227.821 107.876 337.632 308.279 2
195 0 210.678 15.0921 338.504 172.792 1
195 2 230.915 108.174 343.661 310.403 2
196 0 206.559 16.883 336.34 172.028 1
196 2 228.938 106.702 345.642 310.259 2
197 0 203.452 17.2369 333.565 171.021 1
197 2 222.523 106.299 339.436 309.073 2
198 0 202.26 18.0978 332.358 173.005 1
198 2 216.267 107.994 331.668 308.832 2
199 0 203.977 18.7799 332.956 175.465 1
199 2 212.218 110.94 324.11 310.799 2
200 0 207.38 18.9134 335.714 176.593 1
200 2 212.575 113.45 322.802 311.084 2
201 0 209.288 19.2957 336.625 177.222 1
201 2 218.932 113.492 326.221 312.91 2
202 0 209.249 17.755 336.789 174.692 1
202 2 224.355 110.393 331.638 312.486 2
203 0 206.449 15.1929 334.703 171.379 1
204 0 202.979 13.1815 332.127 166.8 1
204 2 221.85 103.076 338.845 307.477 2
205 0 200.77 12.5655 331.123 167.247 1
205 2 215.595 103.188 334.904 304.253 2
206 0 201.131 14.4389 331.226 170.906 1
206 2 210.006 106.063 325.637 302.761 2
207 0 203.609 16.3464 331.865 173.858 1
207 2 208.211 111.36 321.021 307.933 2
208 0 205.531 17.7283 333.145 175.716 1
208 2 211.037 114.032 321.948 310.785 2
209 0 204.978 18.5854 332.584 176.263 1
209 2 216.307 112.862 326.714 311.546 2
210 0 202.072 18.1043 330.828 174.216 1
210 2 219.065 109.673 333.271 310.257 2
211 0 197.597 15.7766 328.2 170.629 1
211 2 216.782 105.592 336.189 309.212 2
212 0 194.071 14.0269 326.064 168.038 1
212 2 212.533 102.868 332.794 307.129 2
213 0 193.137 13.9038 325.409 170.138 1
213 2 208.082 105.028 324 303.928 2
214 0 194.703 14.9746 326.219 172.758 1
214 2 204.314 108.472 316.421 307.462 2
215 0 197.08 16.7662 327.565 174.427 1
215 2 203.38 111.377 313.7 309.751 2
216 0 197.802 17.5453 327.193 174.632 1
216 2 207.449 111.852 314.467 310.488 2
217 0 195.914 16.1229 326.122 173.712 1
217 2 209.163 109.294 315.131 309.669 2
218 0 192.681 14.068 324.163 171.077 1
218 2 210.569 106.199 322.32 307.524 2
219 0 189.702 11.9469 322.645 167.228 1
220 0 187.255 10.3401 321.141 165.145 1
221 0 186.59 9.65002 320.764 166.099 1
221 2 197.049 100.587 314.362 301.254 2
222 0 187.707 9.25823 321.879 168.362 1
222 2 192.35 102.271 308.202 302.471 2
223 0 189.714 8.79298 323.008 169.413 1
223 2 195.645 103.818 305.583 294.017 2
224 0 190.399 7.6461 322.9 168.21 1
224 2 198.097 103.261 310.425 301.141 2
225 0 187.584 5.51699 320.766 164.666 1
225 2 201.74 98.327 309.217 298.744 2
226 0 182.26 2.82554 317.893 160.705 1
227 0 176.112 1.07317 315.447 156.146 1
228 0 172.19 0.4565 312.517 155.012 1
228 2 183.448 89.9939 303.106 294.869 2
229 0 170.872 0.875429 311.61 157.957 1
229 2 176.718 92.6072 296.827 293.376 2
230 0 172.118 3.59784 312.853 163.05 1
231 0 174.994 6.1932 314.161 168.551 1
231 2 176.282 102.57 292.256 301.787 2
232 0 176.642 7.47798 314.806 170.604 1
232 2 181.209 104.916 294.871 304.862 2
233 0 175.421 7.05165 314.753 168.333 1
233 2 184.242 103.178 300.153 304.684 2
234 0 172.875 5.7321 313.624 164.656 1
234 2 184.979 98.8451 303.058 302.909 2
235 0 170.242 3.29541 311.491 160.351 1
235 2 182.567 94.8938 303.691 297.28 2
236 0 168.941 2.23879 310.128 158.349 1
236 2 180.557 93.1349 302.605 294.376 2
237 0 170.237 2.01281 310.275 158.757 1
237 2 178.923 93.8589 298.593 292.81 2
238 0 174.118 2.52497 311.864 161.273 1
238 2 179.213 95.6015 296.644 295.353 2
239 0 179.695 3.12253 314.729 163.134 1
239 2 182.81 98.5451 298.469 298.132 2
240 0 183.18 3.67396 316.407 164.103 1
240 2 190.221 99.4999 300.008 298.26 2
241 0 181.806 4.25267 316.357 162.963 1
241 2 196.629 97.7693 299.612 297.438 2
242 0 177.56 4.56386 315.621 160.634 1
242 2 198.204 94.9653 309.875 297.404 2
243 0 173.765 4.21152 313.074 157.522 1
244 0 171.195 3.52465 311.292 156.854 1
244 2 186.445 92.3186 306.129 296.266 2
245 0 171.496 5.28396 311.705 160.285 1
245 2 179.804 94.2859 302.336 296.169 2
246 0 174.59 7.06617 312.791 164.796 1
246 2 177.627 98.5563 297.428 298.741 2
247 0 179.111 8.87137 313.864 168.785 1
247 2 180.459 103.821 296.664 303.73 2
248 0 181.455 9.74352 313.957 170.778 1
248 2 186.987 106.02 299.028 306.561 2
249 0 179.316 10.2909 313.661 170.295 1
249 2 188.377 104.748 301.375 305.573 2
250 0 175.485 10.4985 312.272 167.348 1
250 2 190.09 101.676 306.388 303.927 2
251 0 172.826 10.3952 310.469 165.226 1
251 2 187.972 99.8725 307.426 301.642 2
252 0 172.945 10.5146 310.629 165.636 1
252 2 186.063 99.7586 306.152 301.21 2
253 0 176.54 11.532 312.258 169.327 1
253 2 184.644 103.353 303.782 303.928 2
254 0 182.101 11.9321 315.071 171.174 1
254 2 185.946 106.816 303.117 307.45 2
255 0 187.055 12.3944 318.68 172.932 1
255 2 192.904 109.49 303.769 309.394 2
256 0 188.936 12.4669 320.749 173.503 1
256 2 198.216 109.643 307.652 309.963 2
257 0 187.649 12.864 319.728 171.956 1
257 2 202.389 107.798 314.825 310.349 2
258 0 185.054 13.0821 318.077 169.474 1
258 2 205.458 104.908 319.993 308.711 2
259 0 182.768 13.2196 316.943 168.347 1
259 2 206.294 102.655 320.881 291.378 2
260 0 181.188 13.2802 316.336 168.281 1
260 2 199.397 102.171 318.804 300.904 2
261 0 182.068 13.7193 316.019 170.083 1
261 2 192.574 104.352 311.41 303.406 2
262 0 184.921 15.2792 317.729 172.311 1
262 2 189.194 108.054 305.336 307.979 2
263 0 190.956 17.2289 321.83 176.118 1
263 2 190.273 111.971 301.989 311.327 2
264 0 196.619 19.054 325.619 179.615 1
264 2 193.139 114.534 303.583 313.719 2
265 0 198.862 18.4247 327.681 178.85 1
265 2 196.525 113.484 309.68 314.884 2
266 0 198.069 15.445 328.118 176.256 1
266 2 199.169 109.71 315.107 313.982 2
267 0 194.97 12.1551 327.588 172.825 1
267 2 200.196 105.052 316.791 312.271 2
268 0 191.86 10.1956 325.965 169.135 1
268 2 200.871 101.306 319.885 307.112 2
269 0 189.074 9.73755 324.512 167.499 1
269 2 197.76 100.108 319.082 305.898 2
270 0 188.402 10.0915 323.711 169.385 1
270 2 193.244 101.328 315.983 304.947 2
271 0 190.409 11.4291 323.804 171.862 1
271 2 191.42 104.638 311.172 306.664 2
272 0 193.284 13.2246 324.744 174.303 1
272 2 193.91 108.835 307.611 309.507 2
273 0 195.121 14.4061 325.327 175.626 1
273 2 196.458 111.474 306.372 310.34 2
274 0 194.169 15.0788 325.657 175.976 1
274 2 199.311 111.698 309.681 311.038 2
275 0 190.803 13.849 324.036 173.712 1
275 2 200.077 108.35 309.879 310.471 2
276 0 186.332 12.5889 320.502 170.19 1
277 0 182.82 11.9364 317.974 167.885 1
277 2 195.158 102.735 310.847 305.644 2
278 0 180.818 11.9481 316.652 167.839 1
278 2 190.797 102.182 310.548 301.974 2
279 0 182.024 12.1329 316.8 169.617 1
279 2 187.719 104.276 306.177 301.606 2
280 0 184.799 11.5688 318.153 170.854 1
280 2 185.986 105.73 302.805 304.726 2
281 0 187.916 10.7759 321.243 171.876 1
281 2 189.759 106.651 301.416 305.444 2
282 0 188.984 9.48692 321.92 172.061 1
282 2 193.35 107.007 303.551 305.456 2
283 0 187.03 8.06483 319.866 169.846 1
283 2 195.963 104.929 305.513 305.266 2
284 0 183.418 6.82426 317.988 165.959 1
284 2 196.465 99.6374 302.822 300.624 2
285 0 179.974 6.80661 315.936 163.592 1
285 2 193.155 96.2692 304.307 297.813 2
286 0 178.167 6.78613 314.591 162.466 1
286 2 189.817 95.4585 305.788 297.465 2
287 0 178.898 7.24378 314.615 162.666 1
287 2 188.05 96.3716 308.139 296.61 2
288 0 181.303 7.76554 315.982 163.231 1
288 2 188.511 98.7833 308.262 297.244 2
289 0 184.291 8.78548 317.591 165.355 1
289 2 191.467 101.814 308.936 298.984 2
290 0 186.799 9.4826 318.903 166.919 1
290 2 196.403 104.222 307.236 299.956 2
291 0 187.431 9.6876 318.439 167.325 1
291 2 200.089 104.602 305.517 300.766 2
292 0 185.151 9.84083 316.737 165.699 1
292 2 201.342 103.464 301.588 279.653 2
293 0 180.754 9.03811 314.263 163.669 1
293 2 200.744 98.929 309.859 292.729 2
294 0 176.155 7.85367 311.78 161.801 1
295 0 173.56 6.43979 310.554 160.656 1
295 2 189.822 94.9462 305.35 290.146 2
296 0 173.01 6.0127 310.312 160.939 1
296 2 181.335 95.1959 301.523 293.311 2
297 0 173.56 5.5485 310.762 162.069 1
297 2 176.397 97.2462 296.263 294.802 2
298 0 176.24 5.30104 311.624 163.462 1
298 2 176.397 99.5042 293.276 297.248 2
299 0 178.064 4.4176 312.434 164.133 1
299 2 178.538 99.5506 293.193 298.704 2
300 0 178.01 3.2831 312.407 163.691 1
300 2 181.979 98.7201 296.307 299.949 2
301 0 175.468 1.84652 311.487 161.786 1
301 2 184.833 96.0976 299.126 297.121 2
302 0 171.796 0.533402 308.738 157.765 1
302 2 185.348 92.1285 300.305 295.778 2
303 0 168.615 -0.10259 307.094 154.217 1
303 2 182.894 88.1653 300.656 293.807 2
304 0 167.712 -0.264326 306.576 152.058 1
304 2 178.61 85.3245 301.376 292.2 2
305 0 168.871 -0.204509 307.651 152.443 1
305 2 175.768 85.5152 297.766 291.181 2
306 0 172.308 0.0775392 309.633 154.707 1
306 2 172.828 87.5055 295.039 290.786 2
307 0 176.658 0.264903 311.257 156.901 1
307 2 192.033 91.2952 289.464 260.063 2
308 0 178.079 0.336354 311.435 157.339 1
308 2 185.87 92.2248 296.131 283.843 2
309 0 175.078 0.175824 310.181 155.728 1
309 2 185.938 90.5242 298.575 291.442 2
310 0 170.72 -0.0418392 307.443 152.765 1
310 2 184.151 87.7239 302.044 292.717 2
311 0 165.497 -0.0959561 304.935 150.313 1
311 2 178.196 84.8209 301.729 291.806 2
312 0 162.747 -0.0522069 303.409 149.657 1
313 0 162.432 0.0779414 303.884 150.183 1
314 0 165.945 0.130694 305.479 151.805 1
315 0 170.554 0.165156 308.045 153.675 1
316 0 174.333 0.230024 310.381 154.189 1
316 2 180.662 88.6566 296.536 291.956 2
317 0 174.632 0.0521582 310.323 153.045 1
317 2 183.818 87.3819 300.001 292.649 2
318 0 172.661 -0.0942174 308.988 149.902 1
318 2 186.052 84.6547 302.189 291.605 2
319 0 169.166 -0.178322 306.527 146.795 1
319 2 185.043 81.8551 303.283 290.608 2
